[objective]
maximize

[A]
73.028, 67.076, 6.026, -10.967, 69.075, 87.611, 75.371, -80.399
-72.766, -15.976, 5.867, -40.972, 24.834, 27.036, 18.911, 73.034
95.746, -25.67, -82.468, 75.867, 79.409, -58.712, -97.905, 19.07
-30.482, -83.561, 16.579, -63.339, 39.165, 71.838, 36.402, -24.336
-84.166, 7.443, 21.913, 92.628, 49.401, -53.221, -66.415, -45.458
34.714, 66.105, 33.098, 45.525, 10.406, 72.435, 19.586, -91.187
-53.814, 48.337, 10.399, -80.125, -43.667, 91.227, 83.429, -72.792
75.758, -26.077, -77.92, -87.005, 43.139, -78.409, 53.818, -70.144
92.018, 79.298, -17.378, 29.667, 1.712, 91.17, -37.749, 94.586

[b]
799.106
-161.203
425.524
710.791
738.81
71.242
-212.002
905.088
-569.303

[constraint_types]
=
<=
=
=
<=
=
=
=
<=

[c]
-0.155, -92.753, 64.925, -4.629, 22.268, -48.023, -29.37, -49.863