[objective]
maximize

[A]
-63.986, -81.022, -60.068, 3.205, -50.886
45.288, 54.445, 24.455, 90.662, -21.282
-61.705, -96.08, 44.834, -92.686, 7.36
-46.14, -38.796, 90.18, -63.452, 46.22
-20.037, 30.51, 56.888, -70.633, 44.359
30.159, 3.632, -4.663, 5.292, -39.66
3.984, 57.77, 52.31, 5.533, -91.446
-23.447, 75.991, -22.746, 77.843, -45.131
8.083, -41.667, 80.041, 70.649, -32.19
-2.293, 37.547, -78.836, -35.934, -26.509

[b]
-209.234
-539.228
882.476
590.23
614.037
-364.693
-475.319
-755.722
-107.678
655.943

[constraint_types]
=
>=
<=
=
<=
<=
>=
>=
>=
<=

[c]
77.04, -16.691, 19.987, -27.246, -97.551